% M=64*16，优化馈源位置，最优对齐，发射功率30-45 dBm，有感知误差
0.000110697827428086	0.000139451024218994	0.000175790866642783	0.000221475780320726	0.000279068775979540	0.000351519139951809	0.000442849348017964	0.000557689943158234	0.000702346288683267	0.000884766651766251	0.00111355434205349	0.00140211154468055	0.00176616079372533	0.00222112108806048	0.00279722274186148	0.00352306579833401
% M=64*16，优化馈源位置，一般对齐[0;0;1]，发射功率30-45 dBm，有感知误差
9.31982598998642e-05	0.000117261120514070	0.000147842290798038	0.000186137378287813	0.000234467441884817	0.000295289072044230	0.000371935933071415	0.000468280496002872	0.000589646390856119	0.000742771287782766	0.000934970493978669	0.00117693993469609	0.00148178376083078	0.00186600089426398	0.00234931692425040	0.00295744940015716
% M=64*16，随机馈源位置，最优对齐，发射功率30-45 dBm，有感知误差
9.61926380862966e-05	0.000121103556097565	0.000152439553647256	0.000191950360003183	0.000241612109811795	0.000304193001066866	0.000382941745671352	0.000482020180766541	0.000606754767280259	0.000764396653788082	0.000962562078855077	0.00121190157654759	0.00152551976582805	0.00191890707419139	0.00241515605036326	0.00304084186713801
% M=64*16，随机馈源位置，一般对齐[0;0;1]，发射功率30-45 dBm，有感知误差
7.70199e-05	9.70330589568605e-05	0.000122202755151761	0.000153874917061061	0.000193642594861326	0.000243896648836809	0.000307061497747420	0.000386595508009619	0.000486668296689172	0.000612524666856628	0.000771191279175290	0.000970917931372506	0.00122223633350654	0.00153872512713788	0.00193696359850579	0.00243868620658671















