%% 上行发射功率0.316mW
% 吞吐量：0：0.5：inf

0.00311860199700998	0.00306903455673752	0.00293551390673911	0.00275024170288857	0.00254885031536943	0.00238657560060156	0.00226048752499056	0.00216623497891202	0.00210087630143738	0.00205038001985311	0.00200760989932222	0.00198426125522529	0.00195607655419774	0.00193031107167051	0.00192944408903781	0.00188443208186397	0.00189390696703771	0.00177319535510565	0.00182720851813997	0.00178410956973192	0.00156283735759225	0.00129666853904568	0.00154606009735074	0.000974513025801754	0.000982306299972056	0.000533844399045736

0.0108939647026291	0.0108173482887951	0.0105571737492366	0.00540105476508540	0.00248859274270530	0.00190743368265100	0.00146457580586745	0.00123175316690529	0.00103951758730099	0.00101439236894327	0.000960365930042079	0.000922248391794195	0.000900367312200420	0.000878333913877100	0.000847926838992543	0.000811683572846764	0.000827372260635812	0.000682227515400695	0.000676881482819514	0.000709286376831783	0.000502057041685631	0.000261356475294051	0.000280166597092204	0.000175780777431797	2.14231578132091e-05	1.27861673024101e-05

0.00427163149990094	0.00425209216418360	0.00365135118704624	0.00206510278144259	0.000966063467793199	0.000506888804762847	0.000330277002703011	0.000273331093128993	0.000220349297430298	0.000204177143767183	0.000185997162703540	0.000176251361922846	0.000158448436745253	0.000142482055750722	0.000150530694736724	0.000138279001555846	9.22217473720328e-05	9.12930140718107e-05	4.88302567054196e-05	9.87618562315088e-06	5.64635050347354e-06

0.000292677718022994	0.000288897740369321	0.000263699997982977	0.000171784586049062	9.38880914473556e-05	5.72096202658400e-05	4.00672633560019e-05	2.99791741918635e-05	2.40805387625927e-05	1.98639235114360e-05	1.59197747331422e-05	1.00665354181040e-05	5.83959237819215e-06	1.28291563734982e-06



0.000415925950797205	0.000407535999940924	0.000342113999350451	0.000255972068427173	0.000181583725552449	0.000113626041747465	6.93721044194970e-05	4.92012392308176e-05	3.83505979127352e-05	3.14973438625221e-05	2.49923850726096e-05	1.97747687626164e-05	1.11929963373645e-05	4.03424621062971e-06	1.71817766207348e-06


0.000449037713224850	0.000438107179521847	0.000376351617544890	0.000286194349445438	0.000207292562045754	0.000156824264788439	0.000125042758918090	0.000105762950717033	9.37042225028402e-05	8.45374856458585e-05	7.73435681761416e-05	6.80105289188782e-05	6.36468956102170e-05	5.74314685797227e-05	3.94044030605796e-05	3.50968720771168e-05	2.04106135663894e-05	9.64762907623762e-06	1.98777108936785e-06

0.000731554398187599	0.000722483936779979	0.000626771388031096	0.000442024585849570	0.000308602541970891	0.000210006375830576	0.000153915096945009	0.000117191741218729	0.000101178277699504	8.95273155925534e-05	7.90123080272945e-05	7.19859567648661e-05	6.43335016319788e-05	5.56105402783626e-05	4.29912905946781e-05	1.89944601709391e-05	2.41258426081203e-05	1.61008717215307e-06

0.000290156543491295	0.000288589377064899	0.000273339507773579	0.000125713299353428	6.57334112697596e-05	4.51256278204910e-05	3.63049359843245e-05	3.15302735455454e-05	2.82789334163864e-05	2.48998327497030e-05	2.29595492780474e-05	1.93979104131639e-05	1.73495075818731e-05	9.88599255267258e-06	3.99268298415453e-06	2.02634048461816e-06

0.000123506916455272	0.000122623875974124	0.000119926402838241	0.000115759030778470	0.000111745249865050	0.000107353073070240	0.000103699541445769	0.000100102643536329	9.75744374317902e-05	9.44729296135593e-05	9.11414396702174e-05	8.70509175201917e-05	7.90912194778916e-05	7.76330087556407e-05	6.47981747080444e-05	4.32612253937718e-05	3.40895958098397e-05	2.72178955910544e-05	6.07522520402401e-06


6.47107360096739e-05	6.44737759013227e-05	6.37468174691380e-05	6.29629465178250e-05	6.22953664517349e-05	6.16099913968484e-05	6.11709018412347e-05	6.06162179740361e-05	6.00080276515429e-05	5.92433138792263e-05	5.82273026234162e-05	5.67828869130883e-05	5.29907046460572e-05	5.20639550794032e-05	4.78449164508698e-05	4.21054806237334e-05	3.49149536992479e-05	2.43598182977716e-05	9.79790957286621e-06

0.000184034373436378	0.000182942714291411	0.000178798673348010	0.000170184217192345	0.000156660390461017	0.000145882670852197	0.000137536080498175	0.000128088009380802	0.000122990925037013	0.000114597908581206	0.000111233443696306	0.000106048415141363	9.74373030845205e-05	8.33040484902176e-05	7.54546023406698e-05	6.20027027063968e-05	3.72503059765158e-05	2.02493224556531e-05	4.78013939147849e-06	2.65680158156717e-06


0.000238731621041963	0.000234932437798444	0.000203862886420237	0.000172232028306725	0.000129497962924275	0.000110483197232120	9.97067467437922e-05	8.92778125812967e-05	8.25276161571190e-05	7.71343306369155e-05	7.11379822131623e-05	7.03932890895082e-05	6.21855283312704e-05	5.29453309371458e-05	5.09258265979899e-05	3.61879119254745e-05	3.01478171931130e-05	1.23393403451559e-05

0.00139939947739792	0.00139650907193274	0.00130766271924156	0.000893687035483143	0.000388856698520390	0.000180483469489913	0.000112076034387881	8.35813640514730e-05	6.92665845831992e-05	5.97111384831983e-05	5.42700115474663e-05	5.00716286049525e-05	4.54262944066550e-05	4.05793657057782e-05	2.14142514769297e-05	2.27002249079489e-05

0.000498141663535692	0.000496438514968779	0.000488297852309123	0.000396530302665742	0.000262572875835003	0.000156011684228779	0.000102606523584927	7.60845983836220e-05	6.20920433647148e-05	5.28169919522414e-05	4.59795908276263e-05	4.15955437572093e-05	3.59979589855893e-05	2.50329490114746e-05	1.70784309750302e-05

0.00222014473967580	0.00219726388535367	0.00208762682808788	0.00146980711614761	0.00123126259514171	0.000839564774629351	0.000802851540136266	0.000712810641534675	0.000639862783780823	0.000610065343190283	0.000599894788102312	0.000581915912958293	0.000562376365653893	0.000561131662787485	0.000542626655613920	0.000539779212088316	0.000495886609027006	0.000509652787979616	0.000428271063988036	0.000419870150515941	0.000264672581914889	0.000163083590896472	0.000182161853196195	5.88885191962660e-05	7.44411499705338e-06

0.00106527665633558	0.00106257529724510	0.000972949486343118	0.000532563654243931	0.000243535552395911	0.000137485143061531	9.81406638289741e-05	7.79489099672417e-05	6.78763655016892e-05	6.10543537682816e-05	5.62285323080940e-05	5.06850444889736e-05	4.68550825079985e-05	3.96109801178193e-05	3.11074674964330e-05	1.03933989065581e-05	1.22926361956062e-05	3.68500789558512e-06	1.46673399891498e-06

0.0405036565438987	0.0402935912654907	0.0396791830154687	0.0386464726120572	0.0373625769180924	0.0362795880988970	0.0352415633275864	0.0344006120716809	0.0336613273712374	0.0329484891934252	0.0324287933474578	0.0318270526917517	0.0316479763254634	0.0313273526271511	0.0310704248894043	0.0308203918361021	0.0306841111120912	0.0305140696179223	0.0303291230376965	0.0301801302423048	0.0299949291347118	0.0298637699351501	0.0294692272708678	0.0292359415884251	0.0289238198256874	0.0280546798226422	0.0285341005153321	0.0266323490662521	0.0248431112363902	0.0231614549262320	0.0207289780017307	0.0178811737046519	0.0141125369501059	0.00966587372142410	0.00385667538666451

0.0427293393512690	0.0425962753510327	0.0419372795032960	0.0410378400233179	0.0397083614176858	0.0389262093393755	0.0380359286024016	0.0373567457931696	0.0367278592664909	0.0361911198643493	0.0356003796560203	0.0352699254108474	0.0349554014513717	0.0347117336357919	0.0345218701308565	0.0343392053260848	0.0341831429084971	0.0340407490235414	0.0338801417847236	0.0337367816776603	0.0335168501428749	0.0333665696448590	0.0330633156884569	0.0326750590604796	0.0324578904993038	0.0319856471936843	0.0309735722516897	0.0300155118491446	0.0298550991278311	0.0293714994346773	0.0250359858280521	0.0252779095784103	0.0188286453475144	0.0138297701386200	0.00300658992366255	0.00251668824035197







